114.044914,22.571449,100,100
114.17337,22.5621059,100,10
114.020096,22.544739,100,109
114.197769,22.651159,100,10
114.077309,22.531979,100,103
114.150993,22.618929,100,101
113.885422,22.580689,100,103
114.266701,22.728009,100,101
114.127167,22.611409,100,101
114.039803,22.548889,100,103
114.047279,22.531639,100,103
114.252502,22.716109,100,101
113.92865,22.5551499,100,10
114.062103,22.531789,100,102
113.847198,22.731019,100,106
114.062393,22.557389,100,106
114.023598,22.539309,100,101
114.188019,22.642799,100,109
114.145714,22.648519,100,108
113.914848,22.653589,100,104
114.138184,22.547219,100,106
114.12838,22.5562999,100,10
113.900764,22.559319,100,107
114.117836,22.537089,100,103
114.099251,22.557559,100,10
113.992683,22.526759,100,101
114.025047,22.523239,100,103
113.985519,22.544759,100,10
113.913101,22.658919,100,106
114.043983,22.603819,100,107
113.92215,22.5687169,100,10
114.307602,22.712099,100,109
114.012398,22.537909,100,101
114.079666,22.543439,100,102
113.911606,22.535459,100,108
114.122551,22.557869,100,107
113.893768,22.597769,100,107
114.11412,22.5878519,100,10
114.065147,22.643749,100,109
114.044601,22.531539,100,102
114.03775,22.6636689,100,10
114.118568,22.584319,100,106
114.12162,22.6992669,100,10
114.115402,22.558439,100,104
113.845703,22.597049,100,108
114.044136,22.543659,100,10
113.949402,22.736799,100,109
114.01107,22.5527999,100,10
114.10743,22.6117829,100,10
114.157471,22.562619,100,106
113.978996,22.675569,100,108
114.062897,22.542769,100,107
114.013451,22.665589,100,103
114.06842,22.5319869,100,10
114.16539,22.6053269,100,10
114.15699,22.6153939,100,10
113.850365,22.628769,100,107
114.068573,22.529839,100,107
113.889465,22.563659,100,10
113.965103,22.557309,100,101
114.112083,22.597689,100,103
114.016083,22.733809,100,107
113.851402,22.618799,100,109
114.089302,22.561689,100,104
114.034935,22.555039,100,103
114.364891,22.747619,100,104
113.848801,22.592199,100,109
113.949181,22.543359,100,10
114.097916,22.589019,100,108
113.951134,22.574569,100,108
114.226799,22.695809,100,101
113.949867,22.587699,100,10
114.002296,22.634709,100,101
114.154488,22.596899,100,101
113.836571,22.728719,100,108
114.086517,22.567769,100,106
114.033081,22.661699,100,105
114.044434,22.551019,100,104
114.160698,22.566839,100,103
113.906151,22.585859,100,10
114.081581,22.572399,100,109
114.121902,22.609309,100,101
114.058319,22.562189,100,103
114.114532,22.653969,100,107
114.050644,22.567229,100,101
113.931396,22.490359,100,101
114.060471,22.648009,100,101
114.243347,22.726749,100,109
114.07312,22.5703689,100,10
114.066452,22.568989,100,103
113.918648,22.526629,100,105
114.01429,22.7343299,100,10
113.970886,22.559919,100,107
114.121819,22.566889,100,103
114.129265,22.548409,100,101
114.203247,22.650289,100,104
114.230797,22.727859,100,10
113.937302,22.548599,100,109
113.904884,22.524889,100,103
113.829803,22.712459,100,10
113.823868,22.682529,100,10
114.24572,22.7455679,100,10
113.914268,22.535179,100,109
114.312401,22.694799,100,109
114.117752,22.574289,100,104
114.030884,22.530319,100,107
113.822601,22.654309,100,101
113.946671,22.491289,100,103
114.091148,22.552489,100,103
113.932381,22.520699,100,107
114.043404,22.603419,100,106
113.868217,22.577039,100,102
113.870232,22.620519,100,108
114.120094,22.699489,100,108
114.051414,22.526519,100,108
114.012733,22.531219,100,108
114.104935,22.609449,100,109
113.862747,22.580689,100,103
114.043167,22.563959,100,10
114.035217,22.676169,100,107
114.032997,22.641559,100,10
113.919083,22.543739,100,104
114.247704,22.740499,100,109
113.992287,22.539109,100,101
113.985703,22.558909,100,101
114.002785,22.654819,100,108
114.276352,22.698619,100,108
114.053596,22.721319,100,107
114.021469,22.639419,100,108
114.014786,22.530969,100,108
114.217392,22.681589,100,10
114.057198,22.704599,100,109
114.051399,22.511389,100,103
114.33622,22.6005679,100,10
114.033852,22.518469,100,107
114.057426,22.578689,100,106
113.900146,22.480319,100,106
114.083733,22.629359,100,101
114.045799,22.620959,100,101
114.050919,22.514689,100,103
114.067184,22.530769,100,107
113.839905,22.737339,100,105
113.949097,22.556169,100,108
114.028946,22.658329,100,107
114.077049,22.552709,100,108
113.928116,22.542589,100,103
114.361931,22.688419,100,107
114.147682,22.673689,100,103
114.128403,22.698869,100,108
113.838387,22.611069,100,107
113.884483,22.720769,100,106
113.846199,22.772589,100,103
114.050186,22.694129,100,102
113.950562,22.591009,100,103
114.264252,22.586839,100,102
114.13253,22.5613829,100,10
114.084747,22.543569,100,108
113.916214,22.499539,100,103
114.029594,22.546849,100,103
113.875099,22.557699,100,109
113.78447,22.7192339,100,10
113.986984,22.716369,100,108
113.931664,22.770149,100,109
114.05513,22.7406679,100,10
114.100601,22.570609,100,101
114.053719,22.666389,100,104
114.298798,22.671809,100,101
114.081772,22.539329,100,102
114.226585,22.714589,100,102
113.929901,22.584299,100,109
114.09655,22.6311329,100,10
113.846001,22.707899,100,109
114.167213,22.635579,100,102
114.119934,22.651519,100,108
114.313301,22.684409,100,101
114.311531,22.732319,100,107
113.875916,22.503209,100,101
113.908585,22.740269,100,107
113.801964,22.735699,100,107
114.026726,22.684379,100,104
114.132797,22.680239,100,103
113.863091,22.801309,100,104
114.229286,22.550049,100,107
113.852798,22.631909,100,101
114.239204,22.565719,100,108
113.853821,22.813749,100,109
114.319801,22.687099,100,109
114.343063,22.602139,100,103
113.969666,22.734859,100,10
114.29673,22.6936669,100,10
114.20652,22.6456519,100,10
114.170586,22.624999,100,106
113.993896,22.665889,100,102
114.047997,22.670919,100,108
114.31678,22.7860169,100,10
113.894432,22.512519,100,108
113.806519,22.719749,100,109
114.036613,22.716019,100,107
114.025932,22.560969,100,106
113.842484,22.744919,100,107
113.921501,22.617599,100,109
113.985649,22.734589,100,103
114.051552,22.733999,100,109
113.912964,22.768239,100,102
114.156914,22.682859,100,10
113.96067,22.7010999,100,10
113.828049,22.800119,100,107
114.322365,22.708919,100,108
113.893997,22.810469,100,107
113.930267,22.498369,100,107
113.858124,22.799779,100,10
114.214996,22.557509,100,101
113.918701,22.741309,100,101
114.200264,22.677419,100,108
114.248596,22.575399,100,109
113.976753,22.587639,100,103
114.37088,22.7626849,100,10
114.026886,22.624089,100,103
114.09935,22.5597679,100,10
113.929359,22.507989,100,102
113.87072,22.7253849,100,10
113.919983,22.533069,100,106
113.853401,22.612309,100,101
113.881065,22.576749,100,102
113.929153,22.517679,100,103
114.023651,22.539749,100,109
113.925682,22.575759,100,10
114.02713,22.6257679,100,10
113.984917,22.536439,100,102
114.088867,22.630419,100,107
114.05645,22.6426169,100,10
114.223351,22.552719,100,107
114.085335,22.639859,100,101
114.338203,22.689899,100,109
114.021515,22.737689,100,102
114.035004,22.700179,100,104
113.837379,22.769539,100,103
114.380333,22.613649,100,109
114.094093,22.543569,100,106
113.887047,22.787609,100,109
113.916397,22.699739,100,104
113.928459,22.501039,100,104
114.08593,22.5648999,100,10
114.218216,22.674119,100,106
114.112297,22.665009,100,101
114.11898,22.5591519,100,10
113.962502,22.598169,100,107
114.025833,22.748889,100,102
114.197983,22.664499,100,109
114.22084,22.6398689,100,10
114.21476,22.6808599,100,10
113.885201,22.747499,100,109
114.360802,22.706309,100,101
113.977531,22.590099,100,109
113.782448,22.677889,100,103
114.178848,22.646559,100,105
114.127136,22.574349,100,107
113.925797,22.486419,100,108
114.000267,22.654159,100,10
113.804985,22.689039,100,107
113.829147,22.712539,100,104
113.888603,22.780919,100,106
113.869751,22.792569,100,106
113.864388,22.765239,100,106
113.825935,22.763839,100,102
114.277679,22.709109,100,101
113.982285,22.593189,100,104
114.251099,22.746909,100,101
113.985802,22.724709,100,101
113.810783,22.698939,100,103
114.136879,22.715959,100,104
113.826431,22.677169,100,108
114.177353,22.653859,100,101
113.902702,22.725269,100,107
114.090836,22.707439,100,104
114.227448,22.685439,100,102
113.885452,22.703259,100,101
114.387047,22.615389,100,103
114.339447,22.701789,100,102
114.221817,22.623059,100,101
114.11718,22.5470339,100,10
113.928955,22.557839,100,103
114.044403,22.686399,100,109
114.170898,22.563809,100,101
113.918282,22.506369,100,107
114.03772,22.5632999,100,10
114.459419,22.602359,100,10
113.98822,22.6868889,100,10
114.27845,22.7158519,100,10
113.914734,22.487089,100,103
114.002586,22.555919,100,108
113.997971,22.662519,100,108
113.983269,22.666149,100,109
114.09893,22.5843519,100,10
114.129753,22.616589,100,103
114.307899,22.601299,100,109
113.928864,22.570789,100,104
113.863113,22.623369,100,107
114.055717,22.728959,100,101
113.965797,22.686009,100,101
